 50381 64020 48843 37202 35460  2252 63361  6568
 22508 29011 54183 47288 51119  6686 28786 55197
 64815  6948  1448 48545 11553 61829 40465 12971
 40560  9026 30587 22882 53422 15580  9278 47035
 49096 53612 17326 37757 40335 64956  9632 49400
 16291  8027 13053  8968 24277 56441 32369 25617
 49241 26428 30549 35247 44830 48651 60949 56605
 54687 38536  5056 55190  7831 32721 37588 63785
 62150 59475 56573 27641   747 20942 30433 53767
 11007 36786 51550 21201 25199 14575 53276  9661
  1066 21310 53357 36181 34293 55730 20782 62425
  6882 19192 50129 48732 31298 57413 13125 29221
 18748 31638  9422 53215 55080 39673 13255 14299
 28558 59978 64495 38249 52615 15719   210 45541
 59208 53554 57985 31184 53419 20081 54338 14617
 55908 39570 33095 10069 28844 36149  7129   294
  8172 33511 48813 56295 42988 27411 33123 26181
 13205 10195  1666 39921  4716 11446 21441 33157
 64109 56734 46882 50154 20643  3697
